0  47  
1  18  
2  7  
3  28  
4  31  
5  34  
6  31  
7  9  
8  11  
9  47  
10  32  
11  1  
12  1  
13  4  
14  42  
15  36  
16  3  
17  21  
18  4  
19  0  
20  15  
21  25  
22  22  
23  3  
24  49  
25  36  
26  2  
27  17  
28  7  
29  14  
30  30  
31  12  
32  26  
33  12  
34  39  
35  16  
36  7  
37  28  
38  0  
39  31  
40  7  
41  24  
42  20  
43  22  
44  6  
45  9  
46  9  
47  3  
48  26  
49  33  
50  22  
51  18  
52  21  
53  0  
54  12  
55  47  
56  17  
57  16  
58  26  
59  31  
60  4  
61  31  
62  29  
63  16  
64  2  
65  39  
66  34  
67  13  
68  19  
69  21  
70  42  
71  7  
72  10  
73  46  
74  33  
75  0  
76  37  
77  42  
78  32  
79  30  
80  46  
81  13  
82  6  
83  48  
84  40  
85  9  
86  39  
87  46  
88  10  
89  45  
90  7  
91  9  
92  42  
93  18  
94  9  
95  2  
96  14  
97  40  
98  25  
99  24  
100  21  
101  24  
102  49  
103  7  
104  32  
105  8  
106  22  
107  18  
108  20  
109  38  
110  31  
111  22  
112  4  
113  19  
114  18  
115  12  
116  26  
117  2  
118  10  
119  22  
120  13  
121  40  
122  8  
123  0  
124  0  
125  13  
126  41  
127  1  
128  31  
129  15  
130  12  
131  42  
132  2  
133  2  
134  8  
135  25  
136  28  
137  22  
138  25  
139  22  
140  48  
141  1  
142  24  
143  49  
144  18  
145  29  
146  42  
147  3  
148  46  
149  23  
150  43  
151  12  
152  12  
153  40  
154  27  
155  45  
156  40  
157  44  
158  35  
159  0  
160  38  
161  34  
162  6  
163  12  
164  49  
165  21  
166  41  
167  26  
168  31  
169  1  
170  23  
171  26  
172  25  
173  36  
174  24  
175  39  
176  7  
177  24  
178  39  
179  36  
180  22  
181  0  
182  1  
183  32  
184  4  
185  48  
186  11  
187  10  
188  25  
189  5  
190  27  
191  18  
192  30  
193  29  
194  49  
195  15  
196  10  
197  39  
198  11  
199  15  
200  31  
201  7  
202  8  
203  30  
204  8  
205  4  
206  12  
207  10  
208  10  
209  25  
210  30  
211  49  
212  8  
213  2  
214  13  
215  25  
216  21  
217  46  
218  1  
219  39  
220  31  
221  8  
222  14  
223  48  
224  44  
225  43  
226  12  
227  44  
228  30  
229  13  
230  44  
231  13  
232  21  
233  9  
234  45  
235  20  
236  10  
237  21  
238  35  
239  7  
240  24  
241  35  
242  14  
243  39  
244  5  
245  11  
246  18  
247  21  
248  29  
249  40  
250  13  
251  39  
252  24  
253  16  
254  21  
255  21  
256  19  
257  7  
258  4  
259  43  
260  12  
261  7  
262  25  
263  11  
264  9  
265  31  
266  15  
267  25  
268  23  
269  40  
270  25  
271  12  
272  15  
273  8  
274  23  
275  3  
276  10  
277  49  
278  24  
279  28  
280  44  
281  17  
282  47  
283  32  
284  28  
285  28  
286  25  
287  34  
288  6  
289  34  
290  30  
291  24  
292  49  
293  25  
294  30  
295  4  
296  40  
297  25  
298  42  
299  26  
300  1  
301  5  
302  1  
303  25  
304  39  
305  36  
306  30  
307  47  
308  24  
309  4  
310  45  
311  36  
312  16  
313  25  
314  9  
315  18  
316  28  
317  32  
318  49  
319  3  
320  1  
321  1  
322  15  
323  26  
324  40  
325  23  
326  29  
327  13  
328  1  
329  1  
330  31  
331  4  
332  12  
333  43  
334  39  
335  11  
336  9  
337  21  
338  12  
339  2  
340  38  
341  0  
342  9  
343  12  
344  26  
345  8  
346  47  
347  47  
348  0  
349  1  
350  3  
351  21  
352  15  
353  28  
354  42  
355  29  
356  30  
357  25  
358  23  
359  29  
360  30  
361  14  
362  19  
363  48  
364  4  
365  41  
366  30  
367  43  
368  4  
369  44  
370  23  
371  4  
372  26  
373  24  
374  31  
375  0  
376  7  
377  20  
378  5  
379  4  
380  0  
381  39  
382  25  
383  36  
384  47  
385  22  
386  45  
387  23  
388  30  
389  39  
390  30  
391  47  
392  31  
393  38  
394  24  
395  1  
396  28  
